[drinkme_images.jpg]
filters=PencilSketch=1,2.000000,100.000000,37.426903;Vignette=1,35.000000,1.400000,0.000000,00000000;Vignette=1,35.000000,1.400000,0.000000,ffa46d4e;sepia=1;PicnikGrain=1,10.000000,0;sat=1,0.812865;HDR=1,20.000000,3.000000,0.000000;
moddate=57a6326eb1b3cd01
width=194
height=259
textactive=0
